8 4 3 0 0 
4 4 0 0 0 
1 0 0 0 0 
0 0 0 0 0 
		0 10 4 0 0 
0 5 0 0 0 
0 2 0 0 0 
0 0 0 0 0 
		0 0 10 4 2 
0 0 5 4 3 
0 0 2 3 0 
0 0 0 0 0 
		0 0 0 10 3 
0 0 0 2 2 
0 0 0 1 0 
0 0 0 0 0 
		0 0 0 0 8 
0 0 0 0 4 
0 0 0 0 1 
0 0 0 0 0 
		

0 0 0 0 0 
10 3 0 0 0 
5 0 0 0 0 
0 0 0 0 0 
		0 0 0 0 0 
0 8 1 1 1 
0 4 0 0 0 
0 1 0 0 0 
		0 0 0 0 0 
0 0 8 4 3 
0 0 4 4 0 
0 0 1 0 0 
		0 0 0 0 0 
0 0 0 10 4 
0 0 0 5 4 
0 0 0 2 3 
		0 0 0 0 0 
0 0 0 0 10 
0 0 0 0 2 
0 0 0 0 1 
		

0 0 0 0 0 
0 0 0 0 0 
8 4 3 1 0 
0 0 0 0 0 
		0 0 0 0 0 
0 0 0 0 0 
0 10 4 2 0 
0 5 4 3 0 
		0 0 0 0 0 
0 0 0 0 0 
0 0 10 3 0 
0 0 2 2 0 
		0 0 0 0 0 
0 0 0 0 0 
0 0 0 8 4 
0 0 0 4 4 
		0 0 0 0 0 
0 0 0 0 0 
0 0 0 0 10 
0 0 0 0 5 
		

0 0 0 0 0 
0 0 0 0 0 
0 0 0 0 0 
8 1 1 1 0 
		0 0 0 0 0 
0 0 0 0 0 
0 0 0 0 0 
0 8 4 3 1 
		0 0 0 0 0 
0 0 0 0 0 
0 0 0 0 0 
0 0 10 4 2 
		0 0 0 0 0 
0 0 0 0 0 
0 0 0 0 0 
0 0 0 10 3 
		0 0 0 0 0 
0 0 0 0 0 
0 0 0 0 0 
0 0 0 0 8 
		

6
